3 0 7 0 94
0 0 4 0 88
1 0 5 0 72
6 0 7 94 50
6 1 1 144 86
0 1 8 88 68
4 0 3 0 69
6 2 4 230 97
7 0 4 327 98
4 1 4 425 88
3 1 2 94 68
8 0 0 0 94
9 0 3 69 50
0 2 6 156 94
5 0 1 230 99
5 1 4 513 81
8 1 6 250 71
9 1 0 119 59
2 0 9 0 83
4 2 9 513 82
8 2 3 321 81
9 2 1 329 82
4 3 8 595 95
7 1 6 425 73
5 2 5 594 64
1 1 3 402 50
8 3 7 402 85
3 2 1 411 61
6 3 3 452 96
2 1 8 690 61
1 2 6 498 69
7 2 3 548 82
2 2 0 751 83
2 3 1 834 65
3 3 4 594 99
1 3 4 693 75
0 3 5 658 99
7 3 2 630 51
9 3 8 751 67
7 4 1 899 71
6 4 0 834 95
1 4 2 768 94
3 4 3 693 54
1 5 8 862 66
3 5 6 747 75
9 4 7 818 56
9 5 9 874 96
5 3 6 822 66
4 4 0 929 99
6 5 8 929 97
4 5 2 1028 67
6 6 2 1095 66
5 4 8 1026 80
3 6 5 822 66
0 4 1 970 67
9 6 6 970 58
1 6 0 1028 92
5 5 2 1161 80
8 4 1 1037 66
3 7 0 1120 76
0 5 2 1241 89
7 5 5 970 94
8 5 2 1330 90
8 6 4 1420 76
2 4 6 1028 64
5 6 7 1241 69
4 6 6 1095 95
9 7 4 1496 81
5 7 9 1310 62
0 6 9 1372 77
1 7 1 1120 82
8 7 5 1496 58
2 5 5 1554 85
0 7 7 1449 99
7 6 7 1548 85
3 8 9 1449 63
7 7 0 1633 62
6 7 5 1639 99
9 8 5 1738 59
2 6 7 1639 78
6 8 6 1738 52
5 8 3 1372 79
2 7 4 1717 85
8 8 8 1554 93
0 8 0 1695 86
7 8 8 1695 95
5 9 0 1781 88
7 9 9 1790 79
4 7 5 1797 68
2 8 2 1802 55
4 8 7 1865 67
9 9 2 1857 96
1 8 7 1932 94
4 9 1 1932 86
8 9 9 1869 97
3 9 8 1790 67
0 9 3 1781 92
2 9 3 1873 77
1 9 9 2026 63
6 9 9 2089 71
