5 0 2 0 84
3 0 1 0 81
6 0 1 81 46
4 0 2 84 14
7 0 2 98 31
9 0 1 127 85
6 1 0 127 37
3 1 2 129 95
0 0 0 164 29
6 2 3 164 61
7 1 0 193 86
2 0 1 212 91
6 3 2 225 13
6 4 6 238 32
3 2 0 279 71
5 1 1 303 2
5 2 5 305 52
0 1 1 305 78
3 3 4 350 99
8 0 0 350 76
5 3 3 357 95
7 2 1 383 46
0 2 2 383 9
1 0 0 426 43
7 3 5 429 74
8 1 1 429 69
3 4 6 449 9
5 4 8 452 48
0 3 3 452 36
9 1 0 469 13
1 1 2 469 90
4 1 0 482 6
2 1 0 488 85
8 2 3 498 76
4 2 1 498 22
5 5 9 500 72
3 5 8 500 52
6 5 5 503 21
7 4 4 503 32
0 4 4 535 49
7 5 6 535 88
3 6 7 552 85
9 2 2 559 61
6 6 9 572 32
5 6 0 573 47
0 5 5 584 11
1 2 4 584 75
8 3 5 595 51
6 7 8 604 89
0 6 6 623 62
3 7 3 637 98
8 4 2 646 85
4 3 5 646 61
1 3 9 659 11
9 3 6 685 7
5 7 6 692 65
7 6 8 693 19
6 8 7 693 30
7 7 9 712 48
9 4 8 712 64
0 7 7 723 56
6 9 4 723 55
2 2 3 735 39
3 8 9 760 22
1 4 3 774 69
2 3 2 774 74
5 8 4 778 6
7 8 7 779 36
0 8 8 779 44
8 5 9 782 11
3 9 5 782 43
9 5 9 793 76
8 6 6 793 40
8 7 7 833 89
4 4 3 843 26
1 5 1 843 28
2 4 8 848 90
7 9 3 869 79
0 9 9 869 21
4 5 4 869 69
9 6 5 869 47
1 6 6 871 46
5 9 7 922 25
2 5 5 938 10
4 6 8 938 21
8 8 4 938 26
9 7 3 948 52
1 7 5 948 46
2 6 7 948 12
4 7 7 960 49
2 7 6 960 89
8 9 8 964 74
9 8 4 1000 90
1 8 7 1009 72
4 8 9 1009 72
1 9 8 1081 30
2 8 9 1081 45
4 9 6 1081 53
9 9 7 1090 45
2 9 4 1126 33
