0 0 0 123 29
0 1 1 205 9
0 2 2 264 49
0 3 3 313 62
0 4 4 441 44
1 0 0 76 43
1 1 1 130 75
1 2 3 244 69
1 3 2 313 46
1 4 4 369 72
2 0 1 787 91
2 1 0 891 39
2 2 2 965 90
2 3 4 1065 12
2 4 3 1098 45
3 0 1 878 81
3 1 0 959 71
3 2 4 1030 9
3 3 2 1055 85
3 4 3 1143 22
4 0 2 0 14
4 1 1 14 22
4 2 0 37 26
4 3 3 63 21
4 4 4 84 72
5 0 2 180 84
5 1 1 264 52
5 2 4 321 48
5 3 0 578 47
5 4 3 852 6
6 0 1 214 46
6 1 0 260 61
6 2 2 359 32
6 3 3 451 32
6 4 4 647 30
7 0 2 50 31
7 1 1 84 46
7 2 0 152 32
7 3 3 225 19
7 4 4 270 36
8 0 0 184 76
8 1 3 375 76
8 2 2 736 85
8 3 1 999 40
8 4 4 1039 26
9 0 1 587 85
9 1 2 675 61
9 2 0 741 64
9 3 3 805 47
9 4 4 897 90
10 0 1 481 78
10 1 3 572 36
10 2 0 625 11
10 3 4 677 56
10 4 2 870 21
11 0 2 442 90
11 1 0 548 11
11 2 1 559 28
11 3 3 608 46
11 4 4 867 30
12 0 0 806 85
12 1 2 891 74
12 2 1 965 10
12 3 3 1009 89
12 4 4 1132 33
13 0 2 532 95
13 1 0 636 99
13 2 1 735 52
13 3 3 858 98
13 4 4 987 43
14 0 0 572 6
14 1 1 672 61
14 2 4 733 69
14 3 2 821 49
14 4 3 956 53
15 0 1 75 2
15 1 0 453 95
15 2 3 654 72
15 3 4 802 65
15 4 2 1140 25
16 0 0 0 37
16 1 2 37 13
16 2 1 50 21
16 3 3 84 89
16 4 4 1077 55
17 0 0 321 86
17 1 1 407 74
17 2 4 485 88
17 3 2 627 48
17 4 3 726 79
18 0 1 316 69
18 1 2 391 51
18 2 0 442 11
18 3 3 483 89
18 4 4 573 74
19 0 0 63 13
19 1 1 77 7
19 2 2 84 76
19 3 3 173 52
19 4 4 225 45
